3 0.5839844 0.1152344 0.6093750 0.1152344 0.6093750 0.1406250 0.5839844 0.1406250
3 0.1386719 0.5878906 0.1523438 0.5878906 0.1523438 0.6015625 0.1386719 0.6015625
3 0.4424149 0.6178119 0.4573356 0.4536854 0.5485560 0.4619782 0.5336353 0.6261047
3 0.7215860 0.5804796 0.7575450 0.5669950 0.7914170 0.6573204 0.7554581 0.6708050
3 0.6806194 0.2662496 0.6823445 0.2420983 0.7374485 0.2460343 0.7357234 0.2701856
3 0.6621095 0.4042970 0.7304688 0.3359375 0.7763673 0.3818360 0.7080079 0.4501954
3 0.4511720 0.3613282 0.4814454 0.3310548 0.5302735 0.3798829 0.5000001 0.4101563
1 0.5534985 0.4626107 0.5730631 0.4521932 0.7365130 0.7591599 0.7169484 0.7695775
1 0.1830637 0.6061868 0.1904571 0.5924081 0.4201664 0.7156661 0.4127730 0.7294447
1 0.1106670 0.0081016 0.1231314 0.0019304 0.3331847 0.4261964 0.3207203 0.4323676
