0 0.1396088 0.1103189 0.1535824 0.0492764 0.6625612 0.1657897 0.6485876 0.2268323
3 0.3750000 0.1230469 0.3750000 0.1035156 0.3964844 0.1035156 0.3964844 0.1230469
3 0.0205078 0.2552734 0.0359375 0.2552734 0.0359375 0.2707031 0.0205078 0.2707031
1 0.2786109 0.1903817 0.2950250 0.1846064 0.4141555 0.5231878 0.3977415 0.5289631
1 0.3749998 0.1640625 0.4367878 0.1528942 0.5877676 0.9881842 0.5259796 0.9993525
1 0.7223658 0.7574704 0.7294224 0.7514771 0.9089443 0.9628497 0.9018877 0.9688430
3 0.8195320 0.1843042 0.8376953 0.1843042 0.8376953 0.2025391 0.8195320 0.2025391
3 0.9382812 0.1361328 0.9552734 0.1361328 0.9552734 0.1525391 0.9382812 0.1525391
0 0.6387841 0.1633562 0.7105119 0.1610530 0.7359660 0.9537727 0.6642381 0.9560759
3 0.9015129 0.9744969 0.9171196 0.9744969 0.9171196 0.9896445 0.9015129 0.9896445
